# Gegebene Datenpunkte
t_s <- c(3495.3, 3496.9, 3498.5, 3500.1, 3501.7, 3503.4, 3505.1, 3506.8, 3508.3, 3509.8, 3511.4, 3513.2, 3514.7, 3516.2, 3517.5, 3518.9, 3520.3, 3521.6, 3523, 3524.7, 3526, 3527.2, 3528.7, 3530, 3531.4, 3532.8, 3534.3, 3535.7, 3537, 3538.4, 3539.9, 3541.2, 3542.8, 3544.3, 3545.6, 3547, 3548.4, 3550.1, 3551.7, 3553.2, 3554.6, 3556.1, 3557.5, 3560.2, 3561.8, 3564.3, 3566, 3567.8, 3569.6, 3571.5, 3573.3, 3575.3, 3577.1, 3579.1, 3581, 3582.7, 3584.2, 3585.7, 3587.1, 3588.5, 3589.9, 3591.4, 3593.3, 3594.7, 3596.2, 3597.8, 3599.5, 3601, 3602.4, 3603.9, 3605.6, 3607.1, 3608.6, 3610.4, 3612, 3613.4, 3616.4, 3618.5, 3620.2, 3621.8, 3623.8, 3626.1, 3628.4, 3630.5, 3632.5, 3635.1, 3637.2, 3639.6, 3641.7, 3643.7, 3648.5, 3652.4, 3654.4, 3656.7, 3658.9, 3660.1, 3662.3, 3664.6, 3667.2, 3669.5, 3671.4, 3673.6, 3675.5, 3677.1, 3679, 3681, 3683, 3685, 3687.1, 3689, 3691.1, 3692.9, 3695.6, 3697.2, 3699.4, 3701.8, 3704, 3706, 3708.1, 3709.9, 3711.8, 3715, 3717.5, 3719.6, 3721.7, 3724, 3726.2, 3728.2, 3730.1, 3732, 3734.3, 3736, 3738.4, 3739.2, 3741.1, 3743.1, 3745.4, 3746.5, 3748.7, 3750.9, 3753.1, 3755.3, 3757.6, 3762.7, 3765.6, 3768.1, 3770.2, 3772.4, 3774.8, 3777.5, 3779.9, 3782.3, 3785.3, 3787.7, 3789.8, 3792.2, 3794.9, 3796.5, 3798.2, 3800.6, 3802.4, 3805.3, 3808, 3810.9, 3813, 3815.1, 3818, 3820.4, 3822.3, 3824.5, 3826.6, 3829.8, 3833.1, 3835.3, 3838.1, 3840.1, 3844.9, 3847.1, 3848.5, 3850, 3855.3, 3859.2, 3861.9, 3863.6, 3865.6, 3867.8, 3869.8, 3872, 3874.4, 3876.1, 3878.4, 3881.1, 3882.9, 3884.9, 3886.3, 3888.9, 3890.6, 3892.8, 3895.1, 3897.1, 3898.8, 3900.7, 3903.3, 3905.3, 3907.7, 3910.3, 3913.8, 3916.9, 3919.2, 3921.5, 3923.6, 3926.4, 3928.3, 3930.3, 3932.2, 3934.5, 3936.9, 3940.6, 3942.8, 3944.4, 3946.6, 3948.7, 3950.6, 3954, 3956.5, 3960.8, 3962.3, 3964.1, 3966.5, 3969.3, 3971.7, 3975.9, 3977.9, 3982.9, 3985.3, 3987.5, 3990.2, 3992.7, 3995.5, 3997.9, 4000.1, 4004.3, 4006.5, 4009.6, 4012.7, 4015.5, 4017.9, 4020, 4024.2, 4026.1, 4028.8, 4031.2, 4033.7, 4035.6, 4037.6, 4041.3, 4044.9, 4047.2, 4049.9, 4054.3, 4057.3, 4060.2, 4062.4, 4065.5, 4068, 4070.5, 4072.6, 4074.5, 4076.4, 4078.1, 4080.3, 4082.8, 4084.9)

VO2 <- c(4.62712, 4.60808, 4.57188, 4.5152, 4.46412, 4.4238, 4.3916, 4.33868, 4.29972, 4.26048, 4.25328, 4.22856, 4.18768, 4.16656, 4.118, 4.06268, 4.00452, 3.9486, 3.85204, 3.81448, 3.74268, 3.67572, 3.61052, 3.5468, 3.47268, 3.37056, 3.25912, 3.20024, 3.17932, 3.13008, 3.08712, 2.97636, 2.95052, 2.891, 2.82488, 2.72496, 2.6324, 2.55344, 2.45564, 2.38944, 2.32268, 2.2388, 2.16588, 2.09852, 1.99972, 1.9584, 1.87604, 1.81076, 1.74984, 1.70644, 1.66456, 1.64564, 1.59204, 1.53048, 1.47084, 1.4078, 1.40632, 1.34116, 1.29948, 1.26596, 1.23048, 1.22116, 1.19188, 1.19668, 1.16332, 1.153, 1.15444, 1.14004, 1.14976, 1.15704, 1.15192, 1.15128, 1.14088, 1.1228, 1.11288, 1.10284, 1.07976, 1.07524, 1.0516, 1.0596, 1.0478, 1.03064, 1.03404, 1.01436, 1.01996, 1.02592, 0.99788, 1.00092, 0.96684, 0.98036, 0.96396, 0.96056, 0.94256, 0.93244, 0.92228, 0.9068, 0.90336, 0.88984, 0.87968, 0.88288, 0.85096, 0.84, 0.83584, 0.83428, 0.82228, 0.82996, 0.8382, 0.831, 0.86264, 0.83748, 0.83664, 0.8596, 0.8622, 0.86216, 0.85472, 0.85588, 0.8374, 0.84796, 0.84512, 0.85952, 0.84476, 0.8158, 0.8146, 0.80048, 0.77164, 0.7736, 0.76624, 0.77088, 0.77992, 0.80724, 0.80412, 0.80112, 0.8068, 0.78476, 0.79444, 0.79072, 0.78772, 0.79112, 0.79316, 0.79112, 0.78536, 0.7758, 0.76944, 0.77496, 0.76204, 0.7836, 0.79964, 0.81584, 0.85324, 0.85488, 0.89108, 0.904, 0.89116, 0.87828, 0.86268, 0.8416, 0.84192, 0.83324, 0.8332, 0.83228, 0.83992, 0.8094, 0.79928, 0.80512, 0.811, 0.82524, 0.82652, 0.8246, 0.80908, 0.80036, 0.80152, 0.81324, 0.79372, 0.76376, 0.78108, 0.76332, 0.75032, 0.78964, 0.78632, 0.78452, 0.78252, 0.77932, 0.78952, 0.78984, 0.7888, 0.77604, 0.79476, 0.8106, 0.79136, 0.76844, 0.73712, 0.7374, 0.74148, 0.75156, 0.74932, 0.7288, 0.72612, 0.75984, 0.76316, 0.76744, 0.76004, 0.75084, 0.70948, 0.70316, 0.68816, 0.70184, 0.6916, 0.681, 0.67276, 0.66776, 0.66792, 0.65952, 0.64368, 0.67064, 0.67144, 0.68348, 0.67592, 0.65776, 0.63996, 0.64432, 0.6382, 0.62112, 0.58896, 0.6054, 0.57796, 0.58432, 0.59236, 0.60632, 0.62372, 0.63128, 0.63308, 0.6444, 0.6382, 0.64336, 0.64684, 0.65508, 0.66076, 0.63596, 0.60768, 0.62748, 0.62472, 0.6284, 0.64236, 0.66068, 0.65004, 0.67312, 0.67836, 0.69416, 0.66368, 0.65028, 0.629, 0.62796, 0.60816, 0.61548, 0.61224, 0.62336, 0.61552, 0.62804, 0.63852, 0.64872, 0.641, 0.633, 0.64456, 0.66328, 0.6502, 0.65676, 0.66388, 0.6542, 0.63828, 0.64624, 0.63272, 0.65072, 0.64964)

# Durchschnittliches Intervall zwischen den t_s-Werten im spezifischen Bereich berechnen
start_index <- which(t_s == 3796.5)
end_index <- which(t_s == 4084.9)
average_interval <- mean(diff(t_s[start_index:end_index]))

# Durchschnittlicher Abfall von VO2 von 3796 bis 4084 berechnen
average_decrease <- (VO2[start_index] - VO2[end_index]) / (end_index - start_index) * 0.40

# Neue Daten für 600 Sekunden generieren
new_data_duration <- 600  # Sekunden
n_new_points <- as.integer(new_data_duration / average_interval)

# Rauschen für die Abstände der t_s-Werte
interval_noise_level <- sd(diff(t_s[start_index:end_index])) * 0.20

# Generieren der neuen t_s-Werte mit Rauschen
new_t_s <- numeric(n_new_points)
new_t_s[1] <- t_s[length(t_s)] + average_interval + rnorm(1, 0, interval_noise_level)
for (i in 2:n_new_points) {
  new_t_s[i] <- new_t_s[i-1] + average_interval + rnorm(1, 0, interval_noise_level)
}

# Neue VO2-Werte mit Rauschen generieren
noise_level <- sd(VO2[start_index:end_index]) * 0.15
new_VO2 <- sapply(1:n_new_points, function(i) VO2[length(VO2)] - average_decrease * i + rnorm(1, 0, noise_level))

# Mit bestehenden Daten kombinieren
extended_t_s <- c(t_s, new_t_s)
extended_VO2 <- c(VO2, new_VO2)

# Neue Datenpunkte ausgeben
for (i in seq_along(new_t_s)) {
  cat(sprintf("%.1f\t%.5f\n", new_t_s[i], new_VO2[i]))
}